0.0000000000 0.0000000000
0.0300000000 0.2931384873
0.0600000000 0.5811809283
0.0900000000 0.8593795827
0.1200000000 1.1236339397
0.1500000000 1.3707025064
0.1800000000 1.5983090122
0.2100000000 1.8051452460
0.2400000000 1.9907891670
0.2700000000 2.1555659420
0.3000000000 2.3003809812
0.3300000000 2.4265498258
0.3600000000 2.5356426442
0.3900000000 2.6293535653
0.4200000000 2.7093987085
0.4500000000 2.7774422369
0.4800000000 2.8350470669
0.5100000000 2.8836456688
0.5400000000 2.9245262216
0.5700000000 2.9588298135
0.6000000000 2.9875550941
0.6300000000 3.0115675587
0.6600000000 3.0316113697
0.6900000000 3.0483222312
0.7200000000 3.0622403206
0.7500000000 3.0738226462
0.7800000000 3.0834544685
0.8100000000 3.0914596057
0.8400000000 3.0981095705
0.8700000000 3.1036315609
0.9000000000 3.1082153778
0.9300000000 3.1120193622
0.9600000000 3.1151754606
0.9900000000 3.1177935207
1.0200000000 3.1199649220
1.0500000000 3.1217656314
1.0800000000 3.1232587697
1.1100000000 3.1244967600
1.1400000000 3.1255231256
1.1700000000 3.1263739892
1.2000000000 3.1270793243
1.2300000000 3.1276639968
1.2600000000 3.1281486314
1.2900000000 3.1285503330
1.3200000000 3.1288832854
1.3500000000 3.1291592490
1.3800000000 3.1293879745
1.4100000000 3.1295775451
1.4400000000 3.1297346620
1.4700000000 3.1298648797
1.5000000000 3.1299728028
1.5300000000 3.1300622477
1.5600000000 3.1301363778
1.5900000000 3.1301978150
1.6200000000 3.1302487325
1.6500000000 3.1302909314
1.6800000000 3.1303259045
1.7100000000 3.1303548890
1.7400000000 3.1303789103
1.7700000000 3.1303988183
1.8000000000 3.1304153174
1.8300000000 3.1304289911
1.8600000000 3.1304403234
1.8900000000 3.1304497151
1.9200000000 3.1304574986
1.9500000000 3.1304639493
1.9800000000 3.1304692953
2.0100000000 3.1304737259
2.0400000000 3.1304773977
2.0700000000 3.1304804408
2.1000000000 3.1304829628
2.1300000000 3.1304850530
2.1600000000 3.1304867852
2.1900000000 3.1304882207
2.2200000000 3.1304894105
2.2500000000 3.1304903965
2.2800000000 3.1304912137
2.3100000000 3.1304918909
2.3400000000 3.1304924522
2.3700000000 3.1304929173
2.4000000000 3.1304933028
2.4300000000 3.1304936223
2.4600000000 3.1304938871
2.4900000000 3.1304941065
2.5200000000 3.1304942884
2.5500000000 3.1304944391
2.5800000000 3.1304945640
2.6100000000 3.1304946675
2.6400000000 3.1304947533
2.6700000000 3.1304948244
2.7000000000 3.1304948833
2.7300000000 3.1304949322
2.7600000000 3.1304949726
2.7900000000 3.1304950062
2.8200000000 3.1304950340
2.8500000000 3.1304950570
2.8800000000 3.1304950761
2.9100000000 3.1304950919
2.9400000000 3.1304951050
2.9700000000 3.1304951159
3.0000000000 3.1304951249
