0.0000000000 0.9588510772 0.9588510772   0.997978
0.5000000000 0.7240908924 0.8414709848   0.875808
1.0000000000 0.3120480036 0.5180694480   0.539210
1.5000000000 -0.1763951196 0.0678264420   0.070594
2.0000000000 -0.6216505654 -0.3990228425  -0.415305
2.5000000000 -0.9147042721 -0.7681774188  -0.799524
3.0000000000 -0.9838064715 -0.9492553718  -0.987991
3.5000000000 -0.8120385352 -0.8979225034  -0.934563
4.0000000000 -0.4414552447 -0.6267468900  -0.652322
4.5000000000 0.0372116860 -0.2021217794  -0.210370
5.0000000000 0.5067678982 0.2719897921   0.283089
5.5000000000 0.8522496547 0.6795087765   0.707237
6.0000000000 0.9890709726 0.9206603137   0.958229
