0.0000000000 0.9995833854
0.0500000000 0.9970849475
0.1000000000 0.9920943165
0.1500000000 0.9846239664
0.2000000000 0.9746925692
0.2500000000 0.9623249481
0.3000000000 0.9475520159
0.3500000000 0.9304106971
0.4000000000 0.9109438361
0.4500000000 0.8892000899
0.5000000000 0.8652338065
0.5500000000 0.8391048893
0.6000000000 0.8108786468
0.6500000000 0.7806256300
0.7000000000 0.7484214557
0.7500000000 0.7143466175
0.8000000000 0.6784862848
0.8500000000 0.6409300897
0.9000000000 0.6017719032
0.9500000000 0.5611096004
1.0000000000 0.5190448157
1.0500000000 0.4756826893
1.1000000000 0.4311316040
1.1500000000 0.3855029141
1.2000000000 0.3389106678
1.2500000000 0.2914713212
1.3000000000 0.2433034482
1.3500000000 0.1945274432
1.4000000000 0.1452652210
1.4500000000 0.0956399113
1.5000000000 0.0457755517
1.5500000000 -0.0042032230
1.6000000000 -0.0541714918
1.6500000000 -0.1040043600
1.7000000000 -0.1535772716
1.7500000000 -0.2027663199
1.8000000000 -0.2514485581
1.8500000000 -0.2995023058
1.9000000000 -0.3468074537
1.9500000000 -0.3932457636
2.0000000000 -0.4387011638
2.0500000000 -0.4830600397
2.1000000000 -0.5262115170
2.1500000000 -0.5680477396
2.2000000000 -0.6084641386
2.2500000000 -0.6473596942
2.3000000000 -0.6846371877
2.3500000000 -0.7202034448
2.4000000000 -0.7539695683
2.4500000000 -0.7858511606
2.5000000000 -0.8157685343
2.5500000000 -0.8436469114
2.6000000000 -0.8694166106
2.6500000000 -0.8930132211
2.7000000000 -0.9143777636
2.7500000000 -0.9334568379
2.8000000000 -0.9502027563
2.8500000000 -0.9645736626
2.9000000000 -0.9765336371
2.9500000000 -0.9860527860
3.0000000000 -0.9931073165
3.0500000000 -0.9976795960
3.1000000000 -0.9997581960
3.1500000000 -0.9993379212
3.2000000000 -0.9964198221
3.2500000000 -0.9910111923
3.3000000000 -0.9831255506
3.3500000000 -0.9727826071
3.4000000000 -0.9600082136
3.4500000000 -0.9448342996
3.5000000000 -0.9272987919
3.5500000000 -0.9074455202
3.6000000000 -0.8853241072
3.6500000000 -0.8609898451
3.7000000000 -0.8345035567
3.7500000000 -0.8059314440
3.8000000000 -0.7753449224
3.8500000000 -0.7428204424
3.9000000000 -0.7084392981
3.9500000000 -0.6722874244
4.0000000000 -0.6344551824
4.0500000000 -0.5950371328
4.1000000000 -0.5541318002
4.1500000000 -0.5118414268
4.2000000000 -0.4682717163
4.2500000000 -0.4235315704
4.3000000000 -0.3777328162
4.3500000000 -0.3309899266
4.4000000000 -0.2834197346
4.4500000000 -0.2351411409
4.5000000000 -0.1862748168
4.5500000000 -0.1369429026
4.6000000000 -0.0872687025
4.6500000000 -0.0373763761
4.7000000000 0.0126093718
4.7500000000 0.0625636028
4.8000000000 0.1123614574
4.8500000000 0.1618784668
4.9000000000 0.2109908645
4.9500000000 0.2595758948
5.0000000000 0.3075121205
5.0500000000 0.3546797262
5.1000000000 0.4009608172
5.1500000000 0.4462397150
5.2000000000 0.4904032459
5.2500000000 0.5333410241
5.3000000000 0.5749457274
5.3500000000 0.6151133659
5.4000000000 0.6537435413
5.4500000000 0.6907396984
5.5000000000 0.7260093659
5.5500000000 0.7594643881
5.6000000000 0.7910211448
5.6500000000 0.8206007607
5.7000000000 0.8481293020
5.7500000000 0.8735379617
5.8000000000 0.8967632315
5.8500000000 0.9177470602
5.9000000000 0.9364369992
5.9500000000 0.9527863334
6.0000000000 0.9667541980
6.0500000000 0.9783056805
6.1000000000 0.9874119084
6.1500000000 0.9940501207
6.2000000000 0.9982037254
6.2500000000 0.9998623406
