0.0000000000 0.9983341665
0.1000000000 0.9883591415
0.2000000000 0.9685087587
0.3000000000 0.9389813565
0.4000000000 0.9000719630
0.5000000000 0.8521693479
0.6000000000 0.7957521384
0.7000000000 0.7313840366
0.8000000000 0.6597081873
0.9000000000 0.5814407518
1.0000000000 0.4973637525
1.1000000000 0.4083172591
1.2000000000 0.3151909945
1.3000000000 0.2189154457
1.4000000000 0.1204525662
1.5000000000 0.0207861644
1.6000000000 -0.0790879259
1.7000000000 -0.1781717957
1.8000000000 -0.2754754319
1.9000000000 -0.3700266086
2.0000000000 -0.4608806018
2.1000000000 -0.5471296283
2.2000000000 -0.6279119164
2.3000000000 -0.7024203163
2.4000000000 -0.7699103645
2.5000000000 -0.8297077228
2.6000000000 -0.8812149159
2.7000000000 -0.9239173008
2.8000000000 -0.9573882094
2.9000000000 -0.9812932115
3.0000000000 -0.9953934563
3.1000000000 -0.9995480586
3.2000000000 -0.9937155072
3.3000000000 -0.9779540788
3.4000000000 -0.9524212566
3.5000000000 -0.9173721561
3.6000000000 -0.8731569761
3.7000000000 -0.8202175003
3.8000000000 -0.7590826824
3.9000000000 -0.6903633612
4.0000000000 -0.6147461576
4.1000000000 -0.5329866135
4.2000000000 -0.4459016434
4.3000000000 -0.3543613714
4.4000000000 -0.2592804378
4.5000000000 -0.1616088597
4.6000000000 -0.0623225393
4.7000000000 0.0375864873
4.8000000000 0.1371199621
4.9000000000 0.2352833796
5.0000000000 0.3310959234
5.1000000000 0.4236002661
5.2000000000 0.5118721350
5.3000000000 0.5950295467
5.4000000000 0.6722416199
5.5000000000 0.7427368770
5.6000000000 0.8058109527
5.7000000000 0.8608336318
5.8000000000 0.9072551458
5.9000000000 0.9446116663
6.0000000000 0.9725299393
6.1000000000 0.9907310145
6.2000000000 0.9990330330
