0.0000000000 0.0100050017 0.0100000017 -0.0000001400
0.1000000000 0.0703158534 0.0401604275 0.0299078176
0.2000000000 0.1933571726 0.1318365130 0.1207050183
0.3000000000 0.3872459600 0.2903015663 0.2769454610
0.4000000000 0.6705605431 0.5289032515 0.5109790908
0.5000000000 1.0795392593 0.8750499012 0.8485657356
0.6000000000 1.6806638293 1.3801015443 1.3380247996
0.7000000000 2.5945634821 2.1376136557 2.0669364483
0.8000000000 4.0438145412 3.3191890117 3.1946024743
0.9000000000 6.4527526420 5.2482835916 5.0179968220
1.0000000000 10.6654449365 8.5590987892 8.1114994154
1.1000000000 18.4455755229 14.5555102297 13.6365365841
1.2000000000 33.6859515651 26.0657635440 24.0620386675
1.3000000000 65.5107806705 49.5983661178 44.9316069412
1.4000000000 136.7522668327 101.1315237516 89.4503444589
1.5000000000 308.7512474505 222.7517571416 191.1282056813
