0.0000000000 2.0100334168 1.9998649859
0.1000000000 2.0710440024 2.0603576980
0.2000000000 2.2602902405 2.2479759656
0.3000000000 2.5973077774 2.5820185668
0.4000000000 3.1177958409 3.0977407315
0.5000000000 3.8789452177 3.8515963712
0.6000000000 4.9682807522 4.9299333265
0.7000000000 6.5177853955 6.4628724985
0.8000000000 8.7262448022 8.6462473662
0.9000000000 11.8946734411 11.7763570952
1.0000000000 16.4828982307 16.3054223128
1.1000000000 23.2008340358 22.9309504918
1.2000000000 33.1573723687 32.7413526614
1.3000000000 48.1061471891 47.4560372634
1.4000000000 70.8562411176 69.8261631383
1.5000000000 105.9672707983 104.3120391147
