1.0000000000 1.0000000000
1.1800000000 1.1661926058
1.3600000000 1.3114903271
1.5400000000 1.4422231377
1.7200000000 1.5620524704
1.9000000000 1.6733224753
2.0800000000 1.7776411943
2.2600000000 1.8761685118
2.4400000000 1.9697736748
2.6200000000 2.0591280584
2.8000000000 2.1447630132
2.9800000000 2.2271076307
3.1600000000 2.3065143422
3.3400000000 2.3832768240
3.5200000000 2.4576428599
3.7000000000 2.5298237947
3.8800000000 2.6000016224
4.0600000000 2.6683343943
4.2400000000 2.7349604098
4.4200000000 2.8000015081
4.6000000000 2.8635656876
4.7800000000 2.9257492116
4.9600000000 2.9866383193
5.1400000000 3.0463106295
5.3200000000 3.1048363004
5.5000000000 3.1622789968
5.6800000000 3.2186967012
5.8600000000 3.2741423999
6.0400000000 3.3286646655
6.2200000000 3.3823081551
6.4000000000 3.4351140383
6.5800000000 3.4871203674
6.7600000000 3.5383623976
6.9400000000 3.5888728673
7.1200000000 3.6386822419
7.3000000000 3.6878189296
7.4800000000 3.7363094703
7.6600000000 3.7841787033
7.8400000000 3.8314499160
8.0200000000 3.8781449765
8.2000000000 3.9242844518
8.3800000000 3.9698877136
8.5600000000 4.0149730334
8.7400000000 4.0595576679
8.9200000000 4.1036579364
9.1000000000 4.1472892905
9.2800000000 4.1904663773
9.4600000000 4.2332030969
9.6400000000 4.2755126546
9.8200000000 4.3174076087
10.0000000000 4.3588999139
