0.0000000000 0.9483758192 0.9983341665 0.9999966706
0.1000000000 0.8389832671 0.8936795432 0.8951677683
0.2000000000 0.7212078715 0.7800955693 0.7813946455
0.3000000000 0.5962264052 0.6587171384 0.6598140857
0.4000000000 0.4652876418 0.5307570235 0.5316408817
0.5000000000 0.3296998781 0.3974937600 0.3981556977
0.6000000000 0.1908178622 0.2602588701 0.2606922736
0.7000000000 0.0500292572 0.1204235597 0.1206240984
0.8000000000 -0.0912592235 -0.0206149831 -0.0206493128
0.9000000000 -0.2316358722 -0.1614475479 -0.1617164029
1.0000000000 -0.3696980919 -0.3006669821 -0.3011676762
1.1000000000 -0.5040664104 -0.4368822512 -0.4376097817
1.2000000000 -0.6333982640 -0.5687323372 -0.5696794348
1.3000000000 -0.7564014115 -0.6948998378 -0.6960570394
1.4000000000 -0.8718468462 -0.8141241289 -0.8154798720
1.5000000000 -0.9785810753 -0.9252139607 -0.9267546994
1.6000000000 -1.0755376458 -1.0270593606 -1.0287697002
1.7000000000 -1.1617477997 -1.1186427228 -1.1205055742
1.8000000000 -1.2363501536 -1.1990489767 -1.2010457268
1.9000000000 -1.2985993055 -1.2674747295 -1.2695854276
2.0000000000 -1.3478732823 -1.3232362939 -1.3254398505
2.1000000000 -1.3836797548 -1.3657765186 -1.3680509165
2.2000000000 -1.4056609567 -1.3946703558 -1.3969928700
2.3000000000 -1.4135972589 -1.4096291078 -1.4119765325
2.4000000000 -1.4074093645 -1.4105033117 -1.4128521922
2.5000000000 -1.3871591010 -1.3972842328 -1.3996110998
2.6000000000 -1.3530488024 -1.3701039517 -1.3723855560
2.7000000000 -1.3054192873 -1.3292340448 -1.3314475894
2.8000000000 -1.2447464542 -1.2750828708 -1.2772062385
2.9000000000 -1.1716365260 -1.2081914901 -1.2102034651
3.0000000000 -1.0868199930 -1.1292282595 -1.1311087388
3.1000000000 -0.9911443138 -1.0389821534 -1.0407123478
3.2000000000 -0.8855654483 -0.9383548811 -0.9399175030
3.3000000000 -0.7711383055 -0.8283518769 -0.8297313133
3.4000000000 -0.6490062037 -0.7100722546 -0.7112547225
3.5000000000 -0.5203894465 -0.5846978251 -0.5856715097
3.6000000000 -0.3865731299 -0.4534812882 -0.4542364607
3.7000000000 -0.2488943024 -0.3177337161 -0.3182628312
3.8000000000 -0.1087286053 -0.1788114538 -0.1791092246
3.9000000000 0.0325234721 -0.0381025666 -0.0381660179
4.0000000000 0.1734505857 0.1029870289 0.1031585310
4.1000000000 0.3126446384 0.2430476121 0.2434523540
4.2000000000 0.4487148492 0.3806797438 0.3813136815
4.3000000000 0.5803016496 0.5145082494 0.5153650488
4.4000000000 0.7060902677 0.6431959587 0.6442670589
4.5000000000 0.8248238653 0.7654570665 0.7667317655
4.6000000000 0.9353160954 0.8800699803 0.8815355417
4.7000000000 1.0364629563 0.9858895259 0.9875313062
4.8000000000 1.1272538219 1.0818583891 1.0836599844
4.9000000000 1.2067815400 1.1670176810 1.1689610901
5.0000000000 1.2742514959 1.2405165179 1.2425823231
5.1000000000 1.3289895519 1.3016205239 1.3037880842
5.2000000000 1.3704487838 1.3497191679 1.3519668258
5.3000000000 1.3982149443 1.3843318640 1.3866371618
5.4000000000 1.4120106033 1.4051127738 1.4074526776
5.5000000000 1.4116979192 1.4118542613 1.4142053914
5.6000000000 1.3972800160 1.4044889676 1.4068278325
5.7000000000 1.3689009529 1.3830904844 1.3853937149
5.8000000000 1.3268442839 1.3478726184 1.3501172013
5.9000000000 1.2715302254 1.2991872546 1.3013507629
6.0000000000 1.2035114572 1.2375208413 1.2395816578
6.1000000000 1.1234676004 1.1634895288 1.1654270626
6.2000000000 1.0321984266 1.0778330135 1.0796279054
6.3000000000 0.9306158674 0.9814071470 0.9830414630
