0.0000000000 0.0000000000 0.0000000000
0.1000000000 -0.3960159641 -0.3973316230
0.2000000000 -0.7762440214 -0.7788228880
0.3000000000 -1.1255256791 -1.1292649422
0.4000000000 -1.4299361798 -1.4346867667
0.5000000000 -1.6773396375 -1.6829121573
0.6000000000 -1.8578728569 -1.8640451509
0.7000000000 -1.9643385484 -1.9708645467
0.8000000000 -1.9924922608 -1.9991117924
0.9000000000 -1.9412115945 -1.9476607595
1.0000000000 -1.8125409477 -1.8185626383
1.1000000000 -1.6116100131 -1.6169641636
1.2000000000 -1.3464292731 -1.3509024302
1.3000000000 -1.0275706468 -1.0309844800
1.4000000000 -0.6677460215 -0.6699644321
1.5000000000 -0.2813004696 -0.2822350164
1.6000000000 0.1163596444 0.1167462187
1.7000000000 0.5093808666 0.5110731505
1.8000000000 0.8820946810 0.8850252086
1.9000000000 1.2196421641 1.2236941045
2.0000000000 1.5085663630 1.5135781780
2.1000000000 1.7373487815 1.7431206659
2.2000000000 1.8968685866 1.9031704337
2.3000000000 1.9807662271 1.9873468020
2.4000000000 1.9856969688 1.9922939247
2.5000000000 1.9114642385 1.9178145758
2.6000000000 1.7610274611 1.7668780117
2.7000000000 1.5403840760 1.5455015970
2.8000000000 1.2583304387 1.2625109107
2.9000000000 0.9261111378 0.9291878985
3.0000000000 0.5569707083 0.5588210970
3.1000000000 0.1656256143 0.1661758619
3.2000000000 -0.2323224503 -0.2330942805
3.3000000000 -0.6210085519 -0.6230716895
3.4000000000 -0.9849370023 -0.9882091964
3.5000000000 -1.3095991225 -1.3139499212
3.6000000000 -1.5820516584 -1.5873076090
3.7000000000 -1.7914327871 -1.7973843515
3.8000000000 -1.9293951438 -1.9358050518
3.9000000000 -1.9904386047 -1.9970513135
4.0000000000 -1.9721295596 -1.9786814415
4.1000000000 -1.8751979324 -1.8814277844
4.2000000000 -1.7035080811 -1.7091675388
4.3000000000 -1.4639047384 -1.4687681769
4.4000000000 -1.1659401334 -1.1698136629
4.5000000000 -0.8214931746 -0.8242223696
4.6000000000 -0.4442958753 -0.4457719315
4.7000000000 -0.0493859015 -0.0495499731
4.8000000000 0.3474929324 0.3486473863
4.9000000000 0.7305183196 0.7329452746
5.0000000000 1.0844202467 1.0880229478
5.1000000000 1.3950897606 1.3997245795
5.2000000000 1.6501414482 1.6556236093
5.3000000000 1.8394072037 1.8455181504
5.4000000000 1.9553415985 1.9618377067
5.5000000000 1.9933226942 1.9999449846
5.6000000000 1.9518363044 1.9583207672
5.7000000000 1.8325363605 1.8386244806
5.8000000000 1.6401789748 1.6456280381
5.9000000000 1.3824328293 1.3870255988
6.0000000000 1.0695734493 1.0731268259
6.1000000000 0.7140735512 0.7164458728
6.2000000000 0.3301057940 0.3312024837
6.3000000000 -0.0670222395 -0.0672449032
