0.0000000000 10.0000000000 10.0000000000
0.0300000000 9.7044553375 9.4148215682
0.0600000000 9.4176453398 8.8469377727
0.0900000000 9.1393118584 8.2958374796
0.1200000000 8.8692043745 7.7610246616
0.1500000000 8.6070797732 7.2420179509
0.1800000000 8.3527021245 6.7383502065
0.2100000000 8.1058424715 6.2495680935
0.2400000000 7.8662786237 5.7752316750
0.2700000000 7.6337949576 5.3149140161
0.3000000000 7.4081822222 4.8682008000
0.3300000000 7.1892373507 4.4346899545
0.3600000000 6.9767632781 4.0139912906
0.3900000000 6.7705687633 3.6057261512
0.4200000000 6.5704682172 3.2095270702
0.4500000000 6.3762815361 2.8250374414
0.4800000000 6.1878339386 2.4519111985
0.5100000000 6.0049558093 2.0898125025
0.5400000000 5.8274825455 1.7384154401
0.5700000000 5.6552544093 1.3974037304
0.6000000000 5.4881163837 1.0664704398
0.6300000000 5.3259180333 0.7453177059
0.6600000000 5.1685133685 0.4336564697
0.6900000000 5.0157607146 0.1312062149
0.7200000000 4.8675225839 -0.1623052840
0.7500000000 4.7236655519 -0.4471422072
0.7800000000 4.5840601378 -0.7235609272
0.8100000000 4.4485806872 -0.9918102394
0.8400000000 4.3171052594 -1.2521315864
0.8700000000 4.1895155177 -1.5047592749
0.9000000000 4.0656966227 -1.7499206870
0.9300000000 3.9455371291 -1.9878364844
0.9600000000 3.8289288852 -2.2187208073
0.9900000000 3.7157669357 -2.4427814674
1.0200000000 3.6059494272 -2.6602201342
1.0500000000 3.4993775165 -2.8712325172
1.0800000000 3.3959552818 -3.0760085420
1.1100000000 3.2955896361 -3.2747325206
1.1400000000 3.1981902434 -3.4675833181
1.1700000000 3.1036694378 -3.6547345132
1.2000000000 3.0119421441 -3.8363545546
1.2300000000 2.9229258017 -4.0126069127
1.2600000000 2.8365402897 -4.1836502263
1.2900000000 2.7527078555 -4.3496384462
1.3200000000 2.6713530441 -4.5107209728
1.3500000000 2.5924026307 -4.6670427913
1.3800000000 2.5157855546 -4.8187446018
1.4100000000 2.4414328554 -4.9659629464
1.4400000000 2.3692776104 -5.1088303313
1.4700000000 2.2992548753 -5.2474753470
1.5000000000 2.2313016246 -5.3820227832
1.5300000000 2.1653566961 -5.5125937417
1.5600000000 2.1013607347 -5.6393057453
1.5900000000 2.0392561398 -5.7622728432
1.6200000000 1.9789870130 -5.8816057142
1.6500000000 1.9204991081 -5.9974117659
1.6800000000 1.8637397821 -6.1097952315
1.7100000000 1.8086579476 -6.2188572638
1.7400000000 1.7552040273 -6.3246960259
1.7700000000 1.7033299091 -6.4274067799
1.8000000000 1.6529889028 -6.5270819724
1.8300000000 1.6041356981 -6.6238113178
1.8600000000 1.5567263237 -6.7176818790
1.8900000000 1.5107181081 -6.8087781459
1.9200000000 1.4660696408 -6.8971821112
1.9500000000 1.4227407351 -6.9829733446
1.9800000000 1.3806923920 -7.0662290638
2.0100000000 1.3398867653 -7.1470242047
2.0400000000 1.3002871271 -7.2254314883
2.0700000000 1.2618578351 -7.3015214864
2.1000000000 1.2245643003 -7.3753626854
2.1300000000 1.1883729560 -7.4470215470
2.1600000000 1.1532512276 -7.5165625693
2.1900000000 1.1191675031 -7.5840483438
2.2200000000 1.0860911049 -7.6495396122
2.2500000000 1.0539922620 -7.7130953212
2.2800000000 1.0228420833 -7.7747726751
2.3100000000 0.9926125315 -7.8346271877
2.3400000000 0.9632763979 -7.8927127321
2.3700000000 0.9348072781 -7.9490815893
2.4000000000 0.9071795480 -8.0037844950
2.4300000000 0.8803683406 -8.0568706856
2.4600000000 0.8543495242 -8.1083879420
2.4900000000 0.8290996800 -8.1583826335
2.5200000000 0.8045960815 -8.2068997586
2.5500000000 0.7808166738 -8.2539829859
2.5800000000 0.7577400538 -8.2996746936
2.6100000000 0.7353454509 -8.3440160072
2.6400000000 0.7136127086 -8.3870468370
2.6700000000 0.6925222659 -8.4288059135
2.7000000000 0.6720551400 -8.4693308229
2.7300000000 0.6521929090 -8.5086580402
2.7600000000 0.6329176957 -8.5468229625
2.7900000000 0.6142121510 -8.5838599410
2.8200000000 0.5960594387 -8.6198023113
2.8500000000 0.5784432202 -8.6546824241
2.8800000000 0.5613476395 -8.6885316737
2.9100000000 0.5447573097 -8.7213805269
2.9400000000 0.5286572981 -8.7532585497
2.9700000000 0.5130331139 -8.7841944345
3.0000000000 0.4978706940 -8.8142160258
