0.0000000000 0.0000000000 3.0000000000
0.1000000000 -3.8559733333 2.8056006667
0.2000000000 -7.3371473440 2.2413498650
0.3000000000 -10.1052028668 1.3620900747
0.4000000000 -11.8911307764 0.2532777688
0.5000000000 -12.5213752164 -0.9773222193
0.6000000000 -11.9346996972 -2.2101102978
0.7000000000 -10.1881370214 -3.3252757659
0.8000000000 -7.4514449237 -4.2144408295
0.9000000000 -3.9906064122 -4.7911933400
1.0000000000 -0.1419785006 -4.9994846262
1.1000000000 3.7203981473 -4.8190762918
1.2000000000 7.2211515023 -4.2675066561
1.3000000000 10.0200593759 -3.3983857745
1.4000000000 11.8451140576 -2.2961847849
1.5000000000 12.5189569800 -1.0680260343
1.6000000000 11.9761144008 0.1667280879
1.7000000000 10.2693591384 1.2880757505
1.8000000000 7.5645802262 2.1870382776
1.9000000000 4.1246592353 2.7762512901
2.0000000000 0.2839204152 2.9984550869
2.1000000000 -3.5843621170 2.8320591409
2.2000000000 -7.1042421803 2.2932399518
2.3000000000 -9.9336385530 1.4343684165
2.4000000000 -11.7975802993 0.3389196049
2.5000000000 -12.5149294360 -0.8866403135
2.6000000000 -12.0159839332 -2.1232014676
2.7000000000 -10.3492503900 -3.2505863497
2.8000000000 -7.6767283087 -4.1592294916
2.9000000000 -4.2581644240 -4.7608256394
3.0000000000 -0.4258074984 -4.9969115807
3.1000000000 3.4478827927 -4.8445476083
3.2000000000 6.9864345277 -4.3185464979
3.3000000000 9.8459516744 -3.4700334148
3.4000000000 11.7485358090 -2.3814767562
3.5000000000 12.5092933099 -1.1586729103
3.6000000000 12.0543033676 0.0795360519
3.7000000000 10.4278006758 1.2128124210
3.8000000000 7.7878748792 2.1310180993
3.9000000000 4.3911048838 2.7449184338
4.0000000000 0.5676215142 2.9948543724
4.1000000000 -3.3109777794 2.8565401520
4.2000000000 -6.8677438075 2.3434230958
4.3000000000 -9.7570101780 1.5053762248
4.4000000000 -11.6979870876 0.4238507900
4.5000000000 -12.5020495340 -0.7960401176
4.6000000000 -12.0910679772 -2.0357374731
4.7000000000 -10.5050000695 -3.1747588579
4.8000000000 -7.8980057764 -4.1024077800
4.9000000000 -4.5234635948 -4.7285317805
5.0000000000 -0.7093442384 -4.9922837930
5.1000000000 3.1736647346 -4.8680352943
5.2000000000 6.7481853942 -4.3678666026
5.3000000000 9.6668256613 -3.5403923438
5.4000000000 11.6459408287 -2.4660362817
5.5000000000 12.4931992474 -1.2492147832
5.6000000000 12.1262732358 -0.0081886203
5.7000000000 10.5808388197 1.1364305892
5.8000000000 8.0071069714 2.0734022639
5.9000000000 4.6552236141 2.7116678485
6.0000000000 0.8509574608 2.9892002392
6.1000000000 -3.0359613659 2.8790316213
6.2000000000 -6.6277747722 2.3918739313
6.3000000000 -9.5754098802 1.5750773118
6.4000000000 -11.5924039173 0.5080278318
6.5000000000 -12.4827437953 -0.7055682015
6.6000000000 -12.1599148182 -1.9477634359
6.7000000000 -10.6553073509 -3.0978325785
6.8000000000 -8.1151645695 -4.0440053312
6.9000000000 -4.7863680780 -4.6943288676
7.0000000000 -0.9924429877 -4.9856041736
7.1000000000 2.8978854288 -4.8895277836
7.2000000000 6.5065275332 -4.4154420516
7.3000000000 9.4827747476 -3.6094267121
7.4000000000 11.5373834296 -2.5498200661
7.5000000000 12.4706847294 -1.3396051192
7.6000000000 12.1919886008 -0.0964006791
7.7000000000 10.7283962655 1.0589698232
7.8000000000 8.2221648119 2.0142208123
7.9000000000 4.9168802042 2.6765171285
8.0000000000 1.1337826440 2.9814961249
8.1000000000 -2.7594547246 2.8995224962
8.2000000000 -6.3844593744 2.4385679898
8.3000000000 -9.3889323312 1.6434361714
8.4000000000 -11.4808866311 0.5914076371
8.5000000000 -12.4570238071 -0.6152710571
8.6000000000 -12.2224906623 -1.8593247281
8.7000000000 -10.8000963441 -3.0198473544
8.8000000000 -8.3280940778 -3.9840525866
8.9000000000 -5.0467432938 -4.6582349824
9.0000000000 -1.2749582761 -4.9768766873
9.1000000000 2.6206870977 -4.9090145389
9.2000000000 6.2615860969 -4.4612488296
9.3000000000 9.2938948529 -3.6771013610
9.4000000000 11.4229209766 -2.6327852240
9.5000000000 12.4417629917 -1.4297974741
9.6000000000 12.2514172837 -0.1850546356
9.7000000000 10.8703985472 0.9804702357
9.8000000000 8.4329388855 1.9535045827
9.9000000000 5.1759407335 2.6394848406
10.0000000000 1.4159517533 2.9717465208
